425 417 345 426
579 580 499 588
518 437 509 517
2 83 91 82
294 383 303 302
106 114 195 115
110 29 30 21
296 368 377 376
545 626 617 537
445 437 436 356
344 264 345 336
598 670 678 589
623 703 704 712
172 83 91 92
315 396 324 404
535 454 534 543
378 377 386 297
184 273 265 193
326 335 415 407
624 704 713 632
376 295 296 287
84 4 12 93
209 290 201 210
625 633 714 634
233 234 242 314
593 585 584 504
700 620 611 619
364 445 453 444
597 598 589 517
604 676 595 596
220 292 211 212
241 233 232 152
281 290 201 209
218 299 210 219
461 541 452 533
540 539 548 459
15 96 16 24
148 237 228 229
254 245 246 326
335 415 334 326
406 334 415 326
599 598 607 518
636 627 555 547
418 417 498 426
544 535 624 543
623 534 615 614
183 111 102 191
93 84 4 85
120 200 128 119
103 184 95 104
449 368 377 369
344 272 263 352
323 403 395 404
230 239 231 150
678 598 589 597
416 497 488 408
19 91 11 100
453 445 454 534
589 588 669 597
578 586 587 506
38 29 110 118
310 229 221 301
466 394 385 474
184 192 183 264
102 183 191 182
155 147 66 75
510 599 590 591
454 462 534 543
165 84 93 85
112 201 193 121
688 608 616 697
265 345 273 264
369 449 368 360
662 581 653 661
336 247 328 327
364 453 372 444
184 103 112 104
426 507 435 515
316 227 307 235
637 636 556 628
260 332 252 341
616 625 624 705
334 245 254 326
524 605 525 533
586 497 505 506
93 165 85 174
686 606 605 614
62 70 151 71
671 599 680 591
677 685 605 596
605 685 604 596
510 511 430 519
274 265 185 266
208 289 200 209
366 455 374 446
508 597 517 516
256 337 328 248
322 313 321 241
151 160 240 232
403 484 483 475
556 548 557 637
516 596 524 515
263 255 264 344
264 353 272 344
334 254 262 343
722 633 641 642
379 370 298 290
598 678 679 687
596 605 597 516
337 418 346 426
313 321 393 402
605 686 614 694
291 300 211 219
184 256 265 264
377 288 296 297
87 96 7 15
4 84 12 3
435 354 346 426
291 290 299 210
10 1 2 82
372 452 371 363
287 279 368 359
401 482 393 402
374 294 383 375
512 593 592 584
668 669 660 588
715 706 714 634
621 629 710 630
401 473 392 393
606 678 598 687
534 606 525 526
472 391 383 463
274 282 283 202
125 126 206 117
452 460 380 371
536 535 455 527
438 357 366 358
515 514 595 523
444 524 525 533
337 417 418 426
346 345 337 426
298 370 289 290
67 76 75 156
460 469 541 461
437 518 509 429
452 541 460 532
451 452 460 532
622 613 614 694
381 461 380 372
623 624 543 632
124 43 52 44
358 430 438 349
321 393 401 312
533 613 614 622
615 623 695 704
525 436 516 444
632 631 712 640
545 536 456 537
453 452 461 372
380 452 371 372
380 461 452 372
385 394 313 393
588 508 499 507
457 537 456 448
463 472 391 471
94 22 102 103
176 184 175 256
227 155 147 146
376 465 456 457
598 518 517 526
535 544 455 463
399 400 391 319
506 426 434 515
96 176 95 87
471 470 479 390
223 231 142 222
613 605 533 614
293 284 292 212
465 466 385 474
31 112 111 103
304 303 223 295
103 192 111 183
515 524 435 443
34 114 123 42
321 401 320 312
422 431 503 423
677 676 685 596
299 291 210 219
314 395 315 323
311 303 383 302
100 20 19 28
114 106 34 115
296 295 304 215
21 102 93 13
333 252 332 341
563 635 554 555
378 467 458 459
410 418 419 338
593 601 512 592
371 451 460 379
192 273 184 193
393 394 313 402
65 66 74 146
212 221 293 213
307 227 226 235
227 307 308 316
110 199 191 119
415 406 326 407
706 697 625 617
313 385 393 304
409 498 489 490
655 583 575 574
455 464 383 463
589 598 509 517
383 374 455 463
75 155 147 156
554 473 482 474
147 155 236 156
384 465 456 376
113 193 202 121
215 135 143 224
231 311 303 312
109 29 28 37
29 110 101 21
10 2 91 82
94 14 22 103
675 683 603 594
416 344 424 425
132 140 131 212
516 508 588 507
281 200 272 280
629 548 557 549
287 368 367 359
598 597 606 517
101 110 102 21
150 78 158 159
546 465 466 457
636 637 556 645
240 321 312 232
144 143 135 224
392 320 401 312
353 281 273 272
525 597 605 516
160 241 232 152
138 66 147 58
612 684 692 603
158 239 230 150
152 241 233 161
370 451 442 362
417 498 489 409
526 445 454 446
619 538 627 547
590 581 662 670
716 627 636 708
607 518 526 527
642 633 641 561
394 385 386 466
456 375 384 376
229 237 318 238
455 544 464 463
402 394 313 322
455 374 454 463
67 139 147 58
462 381 470 390
291 380 372 300
402 482 393 474
155 235 154 146
174 175 94 183
229 228 220 309
709 700 620 701
635 715 643 634
427 418 499 507
220 221 229 301
378 386 306 297
592 591 583 672
103 112 192 184
454 535 455 463
293 373 382 301
302 221 230 222
150 141 142 222
215 206 126 207
179 98 99 90
203 202 211 122
173 92 84 164
338 258 330 249
210 202 121 130
716 636 717 708
141 230 221 222
108 197 188 189
554 474 555 546
635 627 636 716
534 623 615 543
644 724 643 635
597 678 598 606
598 679 599 607
258 330 339 338
456 464 455 536
91 172 92 100
615 607 535 616
527 447 528 519
492 500 581 501
518 429 438 510
590 670 598 589
498 497 489 578
518 509 598 517
639 648 567 647
670 581 662 661
553 634 625 545
304 312 303 384
436 508 517 516
553 473 554 545
654 663 655 574
497 417 425 506
232 151 160 152
251 260 171 179
168 167 176 87
350 269 341 349
263 271 343 352
580 652 571 572
393 312 304 384
368 440 448 359
173 84 165 164
205 214 294 286
500 581 572 492
593 513 594 585
476 548 557 556
547 548 539 467
293 221 301 302
283 284 275 203
489 417 409 408
468 477 557 549
175 174 255 183
569 649 658 577
571 499 490 579
682 601 602 593
570 571 490 579
651 571 570 579
571 651 660 579
529 457 449 448
72 63 152 71
21 30 102 22
350 431 422 342
4 5 13 85
612 611 620 531
490 409 418 410
610 690 618 609
601 521 602 593
669 678 589 597
570 659 650 651
412 420 421 340
510 518 599 519
391 310 311 302
194 275 266 186
22 102 13 94
429 428 437 348
149 140 68 60
185 274 266 194
513 512 432 504
528 537 529 448
602 674 593 594
96 104 185 105
115 124 116 35
683 682 602 674
347 436 428 356
102 174 183 182
580 508 588 589
97 178 106 186
628 636 556 547
533 453 461 542
171 260 180 179
272 191 183 263
272 192 273 264
414 413 494 422
456 376 457 448
440 351 432 431
359 439 367 358
12 92 11 3
94 95 14 103
500 428 509 420
500 509 501 420
91 92 11 100
261 180 260 269
188 197 269 189
245 246 165 254
300 291 299 219
329 257 338 249
434 425 514 433
14 95 86 6
577 497 505 586
25 114 34 33
85 13 93 94
365 445 364 356
123 122 131 42
360 368 288 279
489 497 417 408
271 262 263 343
14 23 22 103
92 172 83 164
374 455 454 446
92 83 91 11
11 92 20 100
92 12 11 20
138 147 227 219
434 354 435 426
119 38 110 118
202 210 211 130
97 96 105 16
5 14 13 94
12 84 92 3
165 174 173 254
105 114 106 25
32 112 113 121
47 56 136 128
353 425 434 433
94 5 14 86
83 2 91 11
195 187 106 115
11 2 91 10
535 615 624 543
128 47 39 119
245 164 244 253
192 112 111 120
20 29 109 101
31 112 32 40
367 376 456 448
467 386 395 387
120 39 111 119
39 120 111 31
20 19 11 100
93 12 21 13
218 227 307 299
91 11 10 19
183 192 111 191
100 109 20 28
29 20 109 28
443 524 435 444
516 524 525 444
425 345 353 434
23 112 32 31
103 111 102 183
101 20 29 21
199 110 191 190
211 300 220 219
100 92 20 101
110 109 29 101
109 100 20 101
175 184 103 183
94 102 93 174
490 498 570 579
361 353 281 362
102 21 22 13
12 20 101 21
182 262 190 181
102 110 111 30
220 229 309 301
20 92 12 101
214 295 206 215
110 102 111 191
105 96 104 24
30 102 110 21
477 557 485 476
480 479 399 471
301 293 292 212
111 192 120 200
24 113 105 33
120 111 200 119
184 265 185 193
265 274 185 193
192 201 200 281
229 221 230 310
84 83 92 3
23 14 95 103
31 23 112 103
180 188 269 189
453 462 454 373
94 85 5 86
256 184 175 264
411 339 420 331
134 214 206 215
41 122 113 33
267 348 268 276
175 103 94 183
256 176 184 265
391 471 390 382
263 183 174 182
419 491 499 410
273 274 265 193
93 4 12 13
103 94 95 175
31 111 22 103
128 39 120 119
38 39 47 119
127 47 128 119
222 294 302 213
30 111 39 119
146 227 226 218
381 453 372 373
462 453 381 373
30 111 22 31
255 246 166 247
111 102 30 22
345 265 273 354
382 462 381 373
382 454 462 373
31 22 23 103
546 538 466 547
111 30 39 31
120 112 111 31
496 497 505 577
85 5 13 94
11 83 2 3
11 92 83 3
114 106 195 186
501 492 500 420
104 96 15 24
272 183 192 264
14 22 13 94
112 192 111 103
13 93 4 85
166 85 165 174
166 94 85 174
184 103 95 175
174 94 102 183
190 101 110 182
22 111 102 103
101 92 12 93
101 12 21 93
102 101 21 93
13 102 93 94
93 85 94 174
583 655 663 574
84 12 92 93
203 204 195 123
101 100 92 181
173 101 92 181
100 172 92 181
343 415 334 335
344 416 424 335
102 94 103 183
354 345 265 346
173 92 172 181
175 166 94 86
274 273 265 354
379 371 370 290
182 190 101 181
92 173 172 164
201 273 192 193
166 167 175 247
273 184 265 264
181 173 262 253
83 84 92 164
166 175 94 174
184 95 176 175
193 184 112 104
86 5 14 6
176 95 104 96
175 95 176 167
49 50 130 41
104 23 32 24
335 326 327 407
497 489 488 408
112 120 201 121
173 262 182 181
172 173 181 253
255 174 246 254
174 263 182 254
679 590 599 671
337 256 328 336
255 166 175 247
175 255 247 256
246 166 165 174
679 670 590 671
344 424 343 335
201 192 112 193
174 246 166 255
174 166 175 255
303 294 302 222
336 328 417 408
354 353 345 434
497 498 489 417
255 256 264 336
339 419 411 420
95 94 14 86
247 167 175 256
176 175 167 256
31 39 120 40
619 627 628 547
208 128 217 209
500 411 419 420
411 500 492 420
557 476 556 565
366 367 447 358
187 179 188 268
295 376 367 287
41 113 32 33
94 166 85 86
167 166 175 86
16 96 105 24
121 130 122 41
163 83 172 164
192 103 184 183
265 176 184 185
406 325 334 326
191 199 190 271
335 416 415 407
45 126 125 117
220 211 219 139
456 465 545 537
514 434 433 442
263 174 255 254
515 435 434 443
354 434 435 443
361 272 353 352
191 192 111 200
254 263 262 343
462 453 454 534
518 598 607 526
424 416 415 335
608 680 689 688
110 101 102 182
290 218 298 299
136 56 64 145
27 108 107 99
427 499 508 507
525 517 597 516
499 508 580 500
505 416 424 425
499 418 419 410
510 502 582 501
445 364 453 373
380 460 388 379
184 112 192 193
345 337 265 346
579 659 668 587
273 201 192 281
201 120 192 200
606 598 517 526
273 353 272 264
586 667 578 587
273 192 184 264
101 110 109 190
222 302 221 213
256 345 264 336
37 109 29 118
120 192 112 201
191 110 102 182
337 265 256 345
382 391 383 302
299 290 218 210
93 102 101 182
31 120 112 40
255 344 335 336
335 344 416 336
132 141 221 213
153 233 152 144
200 191 199 119
463 454 462 382
256 337 345 336
118 38 37 46
416 424 415 496
190 199 110 118
271 191 272 263
255 175 183 264
335 334 254 326
83 172 91 163
416 497 505 496
246 255 254 335
417 328 409 408
578 658 659 667
435 436 355 444
535 536 616 527
371 363 362 282
552 560 480 471
506 434 514 515
516 435 427 507
353 345 273 354
255 183 263 264
82 83 91 163
200 192 281 272
190 110 191 182
200 191 192 272
296 385 304 376
335 255 336 327
183 272 263 264
345 353 273 264
344 353 272 352
192 273 281 272
191 183 192 272
174 102 93 182
426 417 498 506
508 499 580 588
109 101 190 181
272 271 263 352
172 244 163 164
183 175 184 264
256 175 255 264
345 265 256 264
416 417 497 408
182 101 173 181
101 109 100 181
416 488 407 408
164 173 172 253
92 84 93 173
245 165 173 254
262 173 182 254
84 165 93 173
173 245 254 253
263 262 182 254
245 334 254 253
173 174 182 254
183 174 255 263
263 191 183 182
262 271 263 182
271 262 190 182
263 271 191 182
190 191 271 182
174 93 165 173
245 173 164 253
93 174 182 173
101 93 182 173
93 101 92 173
164 172 244 253
624 615 623 543
336 255 247 327
254 334 262 253
580 499 571 579
165 173 164 245
254 262 173 253
520 601 600 592
416 335 336 327
165 246 174 254
265 274 354 346
244 245 253 325
253 245 334 325
264 272 263 344
247 255 246 327
489 497 488 569
343 424 415 335
264 345 353 344
328 336 327 408
617 626 618 537
470 550 551 559
344 255 264 336
392 383 464 472
427 436 355 435
266 274 265 346
254 246 335 326
336 416 327 408
417 497 498 506
498 499 418 507
327 416 335 407
426 425 417 506
661 670 581 589
420 501 412 421
444 453 452 533
607 598 679 687
614 686 695 694
386 305 306 297
360 369 449 441
343 334 254 335
343 263 344 335
343 254 263 335
344 263 255 335
255 263 254 335
325 245 334 326
669 677 678 597
346 427 435 426
433 353 344 352
417 337 418 409
328 337 417 409
596 677 588 597
417 418 498 409
336 417 416 408
661 669 580 660
442 514 434 523
660 580 571 579
533 541 613 622
353 344 425 433
256 247 328 336
256 255 247 336
346 354 345 426
497 416 505 425
337 328 417 336
417 345 337 336
335 246 255 327
326 246 335 327
435 427 436 516
498 489 570 578
417 416 497 425
336 344 416 425
417 336 416 425
345 344 336 425
336 417 345 425
344 345 353 425
434 425 345 426
676 668 667 587
667 578 658 586
154 65 146 145
209 128 137 129
611 691 619 610
668 579 587 588
461 453 381 462
281 290 362 282
507 426 506 515
506 595 587 515
407 327 416 408
499 498 418 490
528 617 608 609
573 662 653 654
346 266 274 355
579 498 578 587
409 418 498 490
137 226 145 217
490 499 498 579
670 590 581 589
346 274 354 355
427 508 436 516
436 435 516 444
570 498 578 579
569 568 649 577
664 592 583 672
604 524 605 596
489 498 570 490
185 184 193 104
654 573 582 574
511 512 520 592
655 664 583 663
412 411 420 331
124 52 133 44
580 499 500 491
501 429 510 421
512 601 520 592
535 454 455 446
665 576 657 656
604 685 676 596
589 508 588 597
469 460 380 461
703 622 614 694
662 590 670 671
669 588 677 597
660 651 659 579
496 568 488 577
599 679 671 680
569 497 488 577
569 488 568 577
407 415 406 487
416 505 424 496
659 578 667 587
487 407 415 496
497 416 488 496
579 578 659 587
650 649 658 569
569 489 497 578
570 489 569 578
461 469 541 550
488 497 496 577
569 658 578 577
569 650 570 578
659 570 650 578
578 497 577 586
497 569 578 577
658 650 569 578
658 659 650 578
487 488 407 496
407 416 415 496
488 416 407 496
487 568 488 496
668 659 667 587
661 580 652 660
651 652 571 660
652 580 571 660
586 578 497 506
661 581 580 589
651 570 659 579
578 659 570 579
660 659 668 579
427 346 418 426
266 265 185 257
660 669 580 588
668 660 579 588
579 660 580 588
577 658 578 586
524 604 605 613
542 462 461 470
443 451 523 532
543 534 623 542
696 615 607 687
596 516 507 515
507 435 427 426
507 516 435 515
516 524 435 515
435 434 426 515
587 586 667 595
523 524 443 532
667 676 587 595
595 604 596 515
514 595 506 515
614 623 534 542
505 497 425 506
425 434 514 506
426 498 507 506
514 586 505 506
426 434 425 506
595 586 514 506
436 445 364 444
606 597 605 525
364 355 436 444
587 498 578 506
518 599 590 510
634 633 714 642
605 677 596 597
669 670 661 589
544 535 455 536
662 573 582 654
588 668 669 677
595 676 587 596
677 668 676 596
587 676 668 596
677 588 668 596
587 668 588 596
452 524 443 444
399 391 480 471
588 669 580 589
669 661 580 589
678 670 669 589
555 644 635 636
689 608 688 697
370 371 451 362
597 677 678 686
712 632 640 721
687 606 678 686
467 547 466 458
606 615 695 687
512 432 521 513
468 548 557 476
618 617 537 609
437 445 436 517
525 445 436 444
670 679 590 598
462 543 463 471
670 678 679 598
534 462 453 542
723 643 634 642
425 344 424 433
590 679 599 598
597 508 588 516
588 596 597 516
597 589 508 517
634 625 633 553
508 589 509 517
307 388 308 316
265 256 176 257
424 344 343 352
633 624 632 552
345 417 337 426
596 524 605 516
466 465 385 457
685 677 605 686
562 473 554 553
354 273 362 282
121 210 130 129
605 524 525 516
445 453 525 534
695 623 614 703
452 453 461 533
714 633 722 642
626 635 627 546
696 607 688 687
578 498 497 506
345 354 434 426
193 201 273 282
425 514 505 506
423 414 422 342
444 452 524 533
493 412 501 421
686 695 606 614
185 193 113 104
541 460 461 452
589 590 581 509
535 534 615 543
598 590 589 509
420 428 429 348
527 599 518 519
514 425 505 433
428 508 436 427
587 595 596 515
618 698 617 609
680 671 591 672
509 598 590 518
599 590 598 518
628 717 636 708
376 368 367 287
708 628 700 619
713 705 624 633
266 275 274 355
363 355 364 444
492 573 493 501
572 581 573 492
518 446 527 438
527 446 447 438
205 294 285 286
187 267 276 195
526 518 437 446
610 691 690 682
14 23 95 15
259 258 267 178
212 293 284 204
358 357 366 277
509 508 517 428
508 436 517 428
517 437 509 428
436 437 517 428
446 366 447 438
439 430 350 431
608 680 599 600
547 466 475 467
591 583 511 592
595 587 586 506
427 355 346 435
354 346 355 435
424 505 425 433
363 364 372 444
498 587 507 506
606 517 525 526
418 498 507 426
507 427 418 426
293 382 374 302
373 382 374 293
616 615 607 696
463 383 374 382
632 624 543 552
239 320 311 231
443 435 363 444
588 587 596 507
517 597 606 525
454 535 534 526
516 588 596 507
517 445 436 525
298 379 290 299
596 604 524 515
534 445 454 526
436 517 525 516
507 587 596 515
546 626 554 545
506 587 507 515
588 579 587 507
587 579 498 507
523 515 434 443
499 579 588 507
579 499 498 507
516 427 508 507
370 281 289 290
452 451 460 371
361 353 433 352
263 343 344 352
433 344 424 352
272 353 281 361
361 281 289 370
226 137 218 217
515 434 514 523
273 281 362 282
290 371 370 362
515 604 524 523
524 452 443 532
451 523 442 443
451 443 452 532
524 515 523 443
553 473 464 472
515 595 604 523
236 237 228 156
290 281 201 282
605 606 525 614
353 361 433 442
434 353 433 442
354 274 273 282
471 462 543 551
435 355 363 444
363 274 354 282
219 138 147 139
606 615 607 526
535 526 446 527
398 399 479 390
128 136 127 208
469 389 397 478
299 308 300 219
363 372 452 444
461 460 380 452
111 110 191 119
282 193 201 202
517 518 437 526
141 150 230 222
443 451 452 371
453 461 381 372
308 389 380 300
452 443 371 363
56 136 64 55
135 216 144 224
517 437 445 526
397 389 388 308
464 473 465 384
294 374 383 302
362 290 371 282
525 534 533 614
371 460 380 379
366 374 365 446
434 442 523 443
391 463 471 382
441 449 440 521
622 614 623 703
703 695 623 704
388 389 380 308
543 462 534 542
124 204 123 115
453 445 525 444
236 308 317 316
372 453 452 444
525 453 444 533
524 516 435 444
480 560 479 471
363 371 291 282
542 461 541 550
393 473 392 384
615 606 534 526
312 223 232 304
230 239 238 319
607 598 606 526
446 447 455 527
371 443 451 362
371 290 299 291
48 49 57 129
193 273 274 282
362 363 354 282
538 547 539 458
355 354 435 363
355 274 354 363
482 473 401 393
152 232 151 143
291 363 282 283
281 201 200 209
291 371 290 282
400 481 392 401
218 298 217 209
473 392 481 401
363 443 371 362
289 298 290 209
455 535 446 527
40 121 49 129
435 354 443 363
400 392 391 311
456 447 375 367
472 561 481 480
608 607 599 688
545 546 626 537
607 608 616 688
606 597 678 686
680 608 599 688
705 625 624 633
597 605 677 686
606 615 534 614
533 605 525 614
615 606 695 614
477 468 557 476
606 534 525 614
363 452 443 444
534 535 615 526
607 615 535 526
700 691 611 692
601 610 529 609
525 445 534 526
525 517 445 526
695 615 696 687
535 607 526 527
635 626 627 707
511 439 430 519
638 719 639 647
546 618 626 537
544 455 464 536
461 542 470 550
625 616 697 705
211 131 203 122
597 606 605 686
625 626 617 545
615 606 607 687
690 689 698 609
536 544 535 616
536 625 544 616
625 624 544 616
535 544 624 616
615 535 624 616
698 689 617 609
724 715 643 635
607 679 599 688
680 599 679 688
688 607 679 687
616 688 697 696
705 616 697 696
695 606 687 686
598 607 606 687
705 624 696 704
616 607 688 696
624 616 705 696
624 615 616 696
542 543 462 551
623 542 622 631
470 542 462 551
561 642 633 553
393 385 394 474
623 615 695 614
605 524 613 533
685 605 604 613
696 624 615 704
534 453 525 533
462 461 453 542
533 534 453 542
623 622 703 631
712 623 703 631
480 391 472 471
613 524 604 532
523 604 524 532
614 534 533 542
614 613 605 694
532 452 541 533
541 613 532 533
533 461 541 542
443 354 434 362
542 614 623 622
317 308 397 316
464 456 455 375
471 552 560 551
532 524 452 533
532 613 524 533
615 695 696 704
614 695 703 694
541 533 542 622
533 614 542 622
721 632 640 641
605 685 686 694
613 685 605 694
632 560 640 641
473 553 464 545
615 624 623 704
559 470 550 478
643 715 723 634
645 636 637 717
624 625 544 633
713 624 632 633
305 377 385 296
704 705 624 713
624 544 543 552
552 632 560 551
550 542 470 551
706 626 625 634
715 714 723 634
543 632 552 551
471 543 552 551
704 624 623 632
712 713 704 632
704 623 712 632
631 712 623 632
640 560 551 559
623 631 632 551
631 623 542 551
551 560 479 559
623 543 542 551
552 472 463 471
559 479 470 478
479 470 551 559
543 552 463 471
633 705 625 714
400 391 480 399
713 632 721 641
632 712 713 721
115 187 106 107
713 721 722 641
477 485 396 476
715 723 724 643
300 308 389 309
713 633 722 714
633 713 705 714
633 713 722 641
632 713 633 641
385 377 466 457
562 481 473 553
543 535 454 463
554 634 562 553
725 636 645 717
300 381 292 301
374 383 455 375
714 705 625 706
697 625 705 706
636 644 635 716
706 626 715 707
558 567 566 647
634 714 723 642
722 723 714 642
472 464 544 463
462 470 471 390
642 643 634 562
634 643 554 562
548 468 557 549
300 389 381 309
626 706 715 634
625 714 706 634
552 561 633 553
381 461 462 470
295 304 303 384
465 393 473 474
392 464 473 472
392 391 383 472
554 626 635 634
635 643 554 634
626 715 635 634
461 470 469 550
480 472 552 471
551 550 631 559
562 643 554 563
643 644 635 563
643 635 554 563
544 624 633 552
631 640 551 559
633 625 544 553
223 231 312 232
633 544 552 553
553 544 552 472
275 355 347 356
391 472 400 480
553 464 544 472
633 632 641 552
641 632 560 552
561 641 560 552
561 633 641 552
470 398 479 390
392 473 481 472
642 634 633 553
562 642 561 553
634 642 562 553
466 538 457 458
481 562 561 553
553 552 561 472
561 481 553 472
553 481 473 472
481 562 473 482
151 160 79 159
393 321 401 402
554 562 563 482
473 562 554 482
392 303 383 311
472 392 391 400
481 392 472 400
310 318 399 319
543 544 535 463
543 454 462 463
380 381 372 300
552 544 543 463
292 291 372 300
472 544 552 463
472 383 464 463
318 399 398 390
560 561 552 480
472 552 561 480
472 481 400 480
196 197 188 116
299 227 308 219
390 381 470 389
127 38 119 118
302 230 311 222
398 397 389 478
543 623 632 551
470 471 479 551
470 462 471 551
471 560 479 551
389 470 398 478
381 382 373 301
471 479 399 390
371 370 451 379
48 56 137 57
211 130 219 139
56 47 136 55
38 37 29 118
209 218 290 210
471 399 391 390
381 292 372 300
470 381 461 389
461 381 380 389
470 461 469 389
380 469 461 389
473 481 482 401
390 470 398 389
460 469 380 388
389 469 397 388
389 380 469 388
550 470 469 478
469 470 389 478
398 470 479 478
631 542 622 550
542 541 622 550
560 632 640 551
640 632 631 551
550 631 542 551
157 237 156 148
55 47 127 46
274 193 282 202
459 540 539 531
316 236 227 235
308 236 227 316
66 155 74 146
121 32 112 40
388 397 308 316
139 138 147 58
154 73 65 145
370 361 281 362
308 397 389 317
220 140 139 148
154 235 226 146
123 51 43 42
397 398 389 317
137 136 56 128
235 227 226 146
64 56 65 145
364 363 372 283
235 236 227 155
355 436 347 356
317 398 389 309
228 300 220 309
155 154 74 146
29 110 30 38
227 235 155 146
199 119 127 208
48 120 40 129
226 307 298 218
290 370 281 362
137 146 226 218
200 289 281 209
485 557 566 565
139 50 130 58
119 199 127 118
156 228 147 148
50 49 130 58
445 453 454 373
391 392 383 311
442 451 443 362
201 209 210 129
390 462 381 382
65 74 154 146
147 155 66 146
139 147 228 148
227 307 226 218
199 200 119 208
146 137 138 218
136 128 217 208
38 30 39 119
352 272 271 280
73 74 154 65
226 154 146 145
271 191 199 280
133 52 61 53
377 378 386 458
202 193 201 121
453 364 372 373
390 399 391 310
128 137 136 217
65 73 64 145
119 200 128 208
155 66 74 75
147 236 227 228
229 157 237 238
155 236 227 147
217 128 137 209
442 353 361 362
307 227 308 299
121 112 120 40
136 47 127 55
292 381 372 373
200 120 128 209
272 200 191 280
190 110 109 118
388 307 308 299
298 226 218 217
443 434 442 362
128 127 119 208
146 226 145 137
111 191 200 119
38 47 127 119
145 56 65 137
145 65 146 137
109 110 29 118
191 200 199 280
145 136 56 137
299 218 227 219
75 147 67 156
66 147 146 138
442 434 353 362
147 227 146 138
138 227 146 218
280 289 200 208
47 136 127 128
119 110 199 118
191 271 272 280
289 200 281 280
38 110 30 119
30 110 111 119
118 127 38 46
352 361 272 280
47 38 127 46
281 272 361 280
380 388 308 299
218 307 298 299
281 361 289 280
463 462 471 382
219 130 138 139
137 145 136 217
200 201 120 209
291 372 363 283
281 273 201 282
208 217 289 209
217 298 289 209
442 361 370 362
282 363 274 283
463 391 383 382
280 200 199 208
298 307 379 299
471 462 390 382
313 312 232 304
384 385 465 376
52 61 141 133
363 354 443 362
434 354 353 362
228 147 236 156
273 353 354 362
281 353 273 362
290 291 282 210
307 388 379 299
388 380 379 299
290 379 371 299
380 371 379 299
299 380 371 291
371 380 372 291
201 290 282 210
202 201 210 121
210 130 138 219
138 137 57 129
292 372 364 373
193 113 112 121
241 240 160 232
463 374 454 382
290 281 289 209
371 372 363 291
382 374 454 373
218 290 298 209
217 137 218 209
294 293 374 302
320 400 392 401
208 200 128 209
355 363 364 283
363 355 274 283
364 275 355 283
355 275 274 283
284 275 364 283
146 66 138 57
210 291 211 219
221 141 222 213
291 299 380 300
389 381 380 300
308 380 299 300
375 295 303 384
393 465 473 384
372 364 283 292
364 284 283 292
167 95 176 87
283 291 372 292
137 146 138 57
121 201 210 129
179 188 180 99
391 400 311 319
302 311 303 222
146 65 66 57
120 39 48 40
284 292 373 293
365 454 445 446
147 66 67 58
142 151 223 143
49 130 138 129
120 121 40 129
57 49 138 129
389 390 381 309
130 49 121 129
49 48 40 129
292 364 284 373
365 374 454 446
526 454 535 446
282 201 210 202
137 48 57 129
292 283 291 211
121 120 201 129
300 292 291 211
292 300 220 211
209 201 120 129
445 365 437 356
315 395 306 387
438 430 439 519
131 220 211 212
158 230 149 150
537 456 465 457
210 291 282 202
282 291 283 202
211 283 291 202
291 210 211 202
34 106 25 26
137 65 146 57
138 218 210 219
151 231 223 232
209 120 128 129
66 147 67 75
219 147 227 228
215 216 135 224
310 391 311 319
39 128 120 48
47 128 39 48
128 47 56 48
56 137 128 48
207 279 288 287
140 149 68 148
376 385 465 457
445 436 364 356
302 294 293 213
310 309 229 301
137 56 65 57
218 138 227 219
43 123 34 115
719 639 711 630
123 131 51 42
231 303 223 312
309 390 381 301
214 303 294 295
266 267 258 186
556 484 476 475
139 130 138 58
382 293 301 302
219 300 220 228
311 231 303 222
237 317 236 228
130 210 211 219
139 131 50 59
150 158 239 159
210 209 218 129
209 137 218 129
218 138 210 129
218 137 138 129
48 128 120 129
130 210 138 129
48 137 128 129
187 195 106 186
141 149 69 60
646 557 566 638
130 211 131 139
220 131 211 139
140 131 220 139
131 50 130 139
270 278 279 198
156 237 228 148
57 66 138 58
49 57 138 58
130 49 138 58
178 267 187 186
309 229 318 310
236 308 227 228
296 216 215 224
294 222 214 213
231 150 151 142
151 79 70 159
139 67 147 148
308 236 317 228
70 79 78 159
231 311 230 222
300 292 220 301
142 223 222 214
221 310 301 302
240 151 231 159
398 390 389 309
229 230 149 238
229 149 157 238
219 220 139 228
147 219 139 228
219 308 300 228
320 239 311 319
309 318 390 310
219 227 308 228
177 258 178 186
68 149 157 148
76 68 157 148
67 68 76 148
156 76 157 148
156 67 76 148
228 220 139 148
156 147 67 148
381 390 382 301
303 231 223 222
390 318 399 310
389 308 317 309
465 385 393 474
382 390 310 301
230 158 149 238
157 149 158 238
239 158 230 238
358 438 357 349
293 292 373 301
390 309 310 301
309 300 220 301
148 220 140 229
221 140 220 229
148 140 149 229
221 149 140 229
221 230 149 229
148 149 157 229
310 399 391 319
311 400 392 320
148 157 237 229
148 228 220 229
318 398 317 309
398 318 390 309
228 308 300 309
317 308 228 309
228 237 317 309
318 317 237 309
381 300 309 301
373 292 381 301
229 237 228 309
237 229 318 309
390 391 382 310
149 68 157 77
303 383 375 384
321 313 393 312
214 223 303 295
318 229 238 310
238 229 230 310
239 311 230 231
142 231 150 222
311 239 230 319
230 238 310 319
311 230 310 319
238 318 310 319
320 311 400 319
394 402 403 322
466 377 386 458
233 313 241 232
69 149 68 60
465 464 456 545
392 311 320 312
231 320 311 312
231 239 320 240
312 231 320 240
313 322 233 241
402 313 321 322
311 392 303 312
392 401 393 312
240 312 231 232
216 305 225 224
501 509 429 420
140 149 141 60
320 321 312 240
150 70 78 159
150 151 70 159
727 728 719 647
161 241 233 242
207 296 215 287
223 151 232 143
149 157 158 77
232 313 304 224
234 153 233 242
68 76 157 77
231 151 223 142
322 394 313 314
58 67 139 59
152 63 143 71
160 151 240 159
150 239 231 159
148 139 67 59
148 140 139 59
68 140 148 59
230 221 149 141
241 321 240 232
121 40 49 41
98 9 18 90
348 428 437 356
77 149 68 69
158 149 77 69
77 78 158 69
150 231 151 159
240 231 239 159
312 321 313 232
241 313 321 232
151 240 231 232
69 78 158 150
61 141 69 60
148 67 68 59
310 382 301 302
149 69 150 141
123 204 195 115
151 150 70 142
60 140 68 59
141 150 142 61
69 70 150 61
142 150 70 61
188 108 180 99
141 69 150 61
69 158 149 150
125 214 206 134
70 78 69 150
58 139 50 59
149 221 140 141
139 140 131 59
150 230 149 141
131 140 220 212
221 293 301 212
202 211 283 203
287 367 278 359
301 220 221 212
211 202 130 122
428 436 437 356
348 347 428 356
203 292 284 212
301 292 220 212
223 304 295 215
285 293 294 213
44 125 116 36
134 126 135 215
243 162 234 242
123 43 34 42
144 63 152 72
171 251 179 170
230 311 310 302
211 292 283 203
142 141 61 133
214 222 133 213
590 509 518 510
59 140 131 51
59 60 140 51
59 131 50 51
276 196 187 195
60 61 141 52
177 185 266 186
222 133 142 214
292 284 283 203
141 221 140 132
225 153 233 234
304 385 393 384
51 140 131 132
385 304 305 296
141 52 133 132
60 51 52 132
141 60 52 132
195 114 123 115
43 52 51 132
51 60 140 132
141 140 60 132
140 221 220 212
383 391 311 302
382 383 374 302
546 627 538 547
376 377 385 457
429 357 438 349
178 258 267 186
177 178 97 186
212 132 221 213
412 421 332 340
312 303 223 304
51 131 50 42
124 123 43 115
206 197 117 198
115 106 34 26
621 693 701 612
310 391 382 302
310 221 230 302
203 211 292 212
312 313 393 304
302 293 221 213
141 133 222 213
133 141 132 213
628 556 548 547
383 392 464 384
464 392 473 384
133 142 141 222
231 230 150 222
178 97 106 98
132 221 140 212
288 368 377 296
131 211 203 212
223 303 222 214
222 303 294 214
296 305 377 297
332 331 412 340
62 134 54 143
213 285 293 204
81 72 153 161
293 294 374 285
305 386 377 297
475 395 476 467
177 266 258 186
636 555 556 547
51 43 132 123
205 285 213 204
267 275 276 195
153 81 161 162
215 296 295 287
410 409 418 329
540 548 468 459
454 445 373 365
439 448 440 359
179 260 188 268
215 126 135 207
293 212 213 204
350 439 431 359
205 125 206 197
270 261 269 189
621 701 620 612
187 196 188 107
258 347 266 338
279 351 360 359
275 266 274 194
294 295 375 286
367 375 295 286
170 178 98 89
536 608 616 527
608 607 616 527
436 428 427 347
467 466 386 458
143 62 151 71
306 305 225 297
207 215 206 287
386 377 385 305
45 53 134 54
304 313 385 305
306 234 314 315
459 539 458 450
483 563 474 555
215 223 304 224
304 223 232 224
305 233 225 224
304 296 215 224
144 216 225 224
216 296 305 224
385 394 386 305
394 385 313 305
62 142 134 143
457 376 368 448
664 583 575 655
600 511 520 592
429 518 509 510
719 638 639 630
377 457 449 458
213 212 132 204
295 214 223 215
563 483 564 555
564 556 484 565
211 130 131 122
710 719 711 630
153 225 233 144
234 162 153 242
70 151 142 62
160 80 152 71
61 142 133 53
396 468 477 476
448 439 367 359
476 396 395 404
215 295 206 287
125 45 117 36
207 288 296 287
297 296 305 216
297 305 225 216
297 288 296 216
134 53 62 54
53 61 142 62
116 124 44 35
206 126 134 215
169 97 89 88
306 386 395 314
152 153 144 72
80 72 81 161
63 152 143 144
44 124 43 35
439 438 447 358
134 126 45 54
79 151 70 71
126 134 135 54
395 386 394 314
72 152 80 71
214 133 142 134
125 133 214 134
485 405 396 404
161 233 153 242
70 142 61 62
634 554 626 545
54 63 62 143
54 135 63 143
62 151 142 143
142 53 62 134
126 125 206 134
152 72 80 161
143 63 62 71
126 45 125 134
53 125 45 134
133 125 53 134
214 142 223 134
53 142 133 134
223 214 134 215
134 223 215 143
135 134 215 143
161 153 162 242
564 483 484 475
322 313 233 314
54 134 135 143
143 223 215 224
143 135 63 144
152 151 160 71
160 151 79 71
296 304 305 224
403 394 322 314
72 152 153 161
305 394 386 314
394 403 395 314
134 142 223 143
393 482 473 474
233 153 152 161
80 160 152 161
305 304 313 224
305 386 306 314
563 644 635 555
80 160 79 71
151 152 143 71
152 160 241 161
458 377 378 369
386 394 466 475
635 644 724 716
430 438 510 519
233 305 313 224
232 233 313 224
313 394 305 314
242 322 233 314
467 548 539 459
241 322 233 242
601 610 682 602
538 627 618 619
232 223 143 224
143 152 232 224
152 233 232 224
144 233 152 224
144 152 143 224
144 225 233 224
395 396 315 404
322 403 314 323
395 306 314 315
527 528 608 519
474 563 554 555
476 557 485 565
405 324 396 404
305 306 225 314
233 305 225 314
234 225 306 314
233 225 234 314
305 233 313 314
315 324 243 323
243 234 315 323
234 243 242 323
315 234 314 323
314 234 242 323
314 403 395 323
314 242 322 323
476 485 396 404
323 315 324 404
474 402 482 483
553 554 634 545
644 563 564 555
323 395 315 404
377 386 385 466
297 378 377 369
484 476 485 565
485 405 486 477
629 718 709 710
638 646 727 647
628 709 717 708
536 455 447 527
405 485 396 477
297 377 288 369
467 386 378 458
537 546 538 457
629 638 718 710
376 368 377 457
545 617 536 537
724 644 725 716
296 377 385 376
715 635 716 707
558 557 477 549
567 486 558 566
477 558 486 566
486 485 477 566
556 555 475 547
557 477 485 566
467 476 468 387
466 474 555 475
557 558 477 566
547 538 466 458
555 483 564 475
520 440 529 521
547 556 548 467
710 629 638 630
539 530 538 458
538 529 537 457
555 627 635 546
475 556 547 467
402 393 394 474
464 544 536 545
394 402 474 483
482 563 474 483
565 564 556 645
619 611 610 530
628 636 627 708
484 556 476 565
556 564 636 645
395 476 404 484
404 403 395 484
404 476 485 484
556 557 565 637
699 627 708 619
384 375 295 376
546 555 627 547
700 691 699 619
627 555 635 636
564 555 556 636
367 447 375 366
627 628 708 619
554 465 474 546
556 564 484 475
639 558 638 647
563 554 482 474
708 700 699 619
402 394 403 483
555 564 556 475
539 547 467 458
474 483 555 475
476 468 548 467
386 395 394 475
716 635 627 707
465 473 554 474
610 618 529 609
474 466 394 475
483 394 403 475
616 625 697 617
691 700 611 619
474 394 483 475
484 395 476 475
403 394 395 475
484 403 395 475
625 536 544 545
708 716 627 707
644 636 645 725
375 464 456 384
646 565 557 637
278 269 350 358
725 644 636 716
546 554 465 545
565 557 566 646
717 637 726 718
616 536 625 617
618 538 619 610
715 626 635 707
565 556 637 645
645 725 717 726
636 564 644 645
564 644 555 636
635 724 715 716
626 706 625 617
368 288 377 369
520 512 440 521
617 536 625 545
467 539 458 459
637 548 557 629
637 646 565 645
637 645 717 726
636 725 716 717
441 450 530 522
645 637 646 726
726 637 646 718
638 646 637 718
639 719 711 720
719 639 728 720
464 553 544 545
648 729 728 720
726 646 727 718
727 719 638 647
557 646 637 638
638 719 718 710
558 566 638 647
503 431 512 423
718 637 629 709
620 629 709 701
710 638 719 630
287 278 279 359
567 558 639 647
648 728 639 720
637 557 638 629
566 557 558 638
639 719 728 647
566 646 638 647
728 648 639 647
709 629 710 701
529 520 601 609
555 466 475 547
558 639 638 630
546 466 555 547
646 638 727 718
719 727 638 718
638 637 629 718
547 619 538 539
709 637 629 628
707 626 627 618
718 717 637 709
710 621 630 702
387 467 378 459
538 546 466 457
521 610 601 602
347 346 266 338
637 556 548 628
629 637 548 628
693 621 701 702
620 539 540 531
710 701 621 702
656 664 575 655
537 465 546 457
689 697 698 617
502 583 591 582
618 529 538 610
698 706 626 617
468 467 387 459
701 620 629 621
674 682 602 593
701 629 710 621
707 706 626 698
711 710 630 702
457 377 466 458
700 709 620 628
438 518 510 519
620 629 548 628
629 620 709 628
707 627 699 618
520 529 528 609
709 717 637 628
717 636 637 628
466 386 475 467
556 476 548 467
279 360 368 359
510 429 430 421
555 635 554 546
376 456 375 367
618 627 699 619
536 447 528 527
620 700 628 619
455 456 536 447
553 625 544 545
634 626 625 545
467 468 548 459
501 412 492 420
502 511 503 422
610 601 529 521
521 530 610 602
697 608 616 617
684 693 612 692
611 612 620 692
701 700 620 692
612 701 620 692
628 700 709 708
698 697 706 617
473 464 465 545
366 285 357 365
697 689 608 617
465 546 545 537
663 591 583 582
608 536 616 617
627 538 618 546
627 708 707 699
529 618 538 537
295 303 294 375
591 600 680 672
626 554 635 546
508 428 500 419
474 466 555 546
473 465 554 545
474 465 466 546
699 698 707 618
626 707 698 618
626 698 617 618
610 690 601 682
690 698 699 618
689 680 600 681
436 427 355 347
428 437 509 429
636 628 627 547
537 529 618 609
546 538 618 537
610 538 619 530
618 626 627 546
699 618 619 610
619 691 699 610
699 690 618 610
691 690 699 610
464 455 383 375
294 285 213 205
383 464 375 384
464 465 456 384
303 392 383 384
385 465 393 384
312 392 303 384
393 392 312 384
475 386 395 467
438 429 430 510
440 449 368 448
251 331 332 340
457 368 377 449
378 458 369 450
449 377 458 369
431 351 432 423
458 530 449 450
386 306 395 387
105 16 24 25
476 556 475 467
536 456 464 545
512 440 431 520
396 395 315 387
607 599 518 527
607 608 599 527
609 690 689 681
689 600 609 681
537 617 536 528
617 608 536 528
537 536 456 528
447 456 536 528
112 32 113 104
419 418 427 338
376 375 295 367
355 346 266 347
383 294 303 375
329 337 418 338
355 266 275 347
447 455 456 375
418 337 346 338
295 296 304 376
384 304 385 376
384 295 304 376
476 396 468 387
548 620 628 539
628 619 547 539
548 628 547 539
628 620 619 539
396 476 395 387
431 440 439 520
522 450 530 531
449 538 529 530
450 449 369 441
610 529 538 530
430 439 350 358
490 499 491 410
526 437 445 446
439 511 520 519
367 456 447 448
673 592 664 672
351 432 360 440
457 538 529 449
446 518 437 438
429 437 518 438
450 539 530 531
612 620 540 531
611 530 539 531
450 530 449 441
113 193 112 104
521 601 512 593
574 583 575 494
530 449 538 458
539 620 611 531
684 683 692 603
692 683 611 603
530 619 611 539
619 620 611 539
386 467 378 387
341 332 421 340
467 395 476 387
446 357 366 438
458 449 369 450
602 603 683 594
386 378 306 387
530 538 619 539
449 457 538 458
630 629 638 549
629 557 638 549
638 558 630 549
638 557 558 549
630 621 629 549
539 548 620 540
621 620 629 540
629 620 548 540
620 621 612 540
549 621 629 540
549 629 548 540
549 548 468 540
216 215 135 207
365 285 357 276
519 511 520 600
429 501 420 421
369 368 288 360
342 261 350 270
584 576 665 656
692 611 612 603
458 539 530 450
458 378 459 450
374 285 366 365
528 447 456 448
441 360 432 440
357 437 429 438
117 126 206 198
491 500 492 411
423 432 512 504
261 269 350 270
374 293 285 365
355 427 346 347
373 284 293 365
366 358 277 286
683 611 691 692
185 265 176 257
285 293 284 365
368 376 367 448
449 457 368 448
440 432 512 431
593 665 673 584
575 584 576 495
421 413 412 332
527 608 599 519
584 585 576 504
374 373 293 365
450 459 539 531
341 261 350 342
339 347 428 348
373 374 454 365
603 611 522 602
582 663 662 654
359 278 350 358
294 375 366 286
373 364 284 365
612 693 701 692
373 445 364 365
277 196 268 276
188 107 116 108
360 449 368 440
449 360 441 440
457 529 537 448
456 537 528 448
439 447 528 448
277 285 366 286
439 367 447 448
440 529 449 448
331 339 420 340
576 585 665 657
448 439 440 520
340 341 260 349
455 374 375 366
375 447 455 366
375 374 294 366
285 294 374 366
429 438 430 349
348 357 429 349
293 285 284 204
133 214 213 205
259 267 187 178
510 590 509 501
419 428 500 420
671 590 599 591
214 294 213 205
601 681 673 682
448 440 529 520
600 520 528 609
276 285 196 204
528 608 536 527
409 328 337 329
131 51 132 123
616 607 535 527
185 176 184 104
680 608 689 600
585 666 665 657
446 526 518 527
529 528 448 520
528 439 448 520
357 366 365 446
437 357 365 446
366 447 455 446
365 445 437 446
600 601 609 681
537 528 529 609
601 690 609 681
511 600 591 592
599 519 600 591
446 437 357 438
431 439 430 511
418 499 490 410
593 512 513 504
427 428 508 419
583 663 582 574
582 590 510 501
512 503 423 504
202 274 193 194
447 527 438 519
447 439 528 519
520 528 439 519
438 439 447 519
519 520 528 600
513 522 602 594
601 520 600 609
511 431 439 520
512 431 511 520
529 449 530 521
600 519 511 591
618 690 698 609
527 518 438 519
528 537 617 609
509 429 510 501
617 689 608 609
600 608 689 609
513 602 593 594
599 510 519 591
519 510 511 591
519 528 608 600
502 582 493 574
519 608 599 600
600 528 608 609
602 683 674 594
690 610 601 609
419 411 491 410
600 680 599 591
681 601 690 682
521 432 441 513
530 610 529 521
620 700 611 692
585 665 593 584
522 603 602 594
683 684 675 603
681 601 673 592
501 510 502 421
499 571 490 491
430 431 511 422
611 530 522 602
576 584 504 495
522 530 521 602
529 440 449 521
441 530 449 521
530 611 522 531
520 529 601 521
580 661 652 572
521 512 513 593
521 441 522 513
531 611 522 603
531 612 611 603
432 441 440 521
432 440 512 521
585 576 665 584
530 611 610 602
530 441 522 521
573 493 582 574
681 600 601 592
665 664 584 656
601 512 520 521
592 593 673 584
522 521 513 602
611 683 691 602
610 611 691 602
682 691 683 602
682 610 691 602
602 521 513 593
582 581 590 501
603 683 611 602
674 665 593 585
494 414 503 495
330 419 339 338
502 510 430 421
420 429 421 340
665 673 674 593
683 675 674 594
584 503 504 495
674 673 682 593
673 601 682 593
419 347 428 339
423 422 431 342
593 673 601 592
672 671 591 663
355 364 436 356
674 675 666 594
104 32 113 24
428 419 339 420
674 666 665 585
666 674 594 585
594 674 593 585
584 575 576 656
511 510 430 502
342 350 351 270
591 510 511 502
583 591 511 502
592 600 591 672
681 680 600 672
673 681 592 672
592 681 600 672
582 502 493 501
411 492 412 420
584 664 575 656
339 428 420 348
592 673 664 584
664 673 665 584
592 664 583 584
583 664 575 584
672 591 583 663
590 510 591 582
257 266 346 338
572 500 492 491
571 580 572 491
572 580 500 491
269 278 350 270
500 499 508 419
194 185 113 105
268 187 179 259
580 581 572 500
412 492 493 501
331 411 339 330
582 573 581 501
499 427 508 419
509 581 500 501
581 662 653 573
493 573 582 501
583 664 672 663
663 671 591 582
591 671 590 582
663 662 671 582
671 662 590 582
581 590 662 582
653 581 573 572
573 581 662 582
502 591 510 582
499 580 571 491
584 512 593 504
422 414 413 333
661 653 652 572
581 661 580 572
661 581 653 572
509 428 429 420
269 261 350 341
430 438 439 358
654 582 663 574
582 502 583 574
492 581 573 501
105 185 177 186
589 580 508 500
589 581 580 500
589 508 509 500
581 589 509 500
428 509 508 500
104 185 176 96
437 357 429 348
260 252 261 341
350 422 341 342
216 296 215 207
509 590 581 501
18 27 107 99
34 43 115 35
88 7 16 8
269 260 341 349
332 413 333 341
216 288 296 207
256 247 167 248
418 410 329 338
260 261 269 341
185 266 257 177
347 428 427 419
493 502 574 494
418 427 499 419
491 499 500 419
260 180 252 171
503 494 502 422
413 502 494 422
260 251 340 259
414 494 503 422
411 491 500 419
252 333 261 341
574 502 583 494
503 512 584 504
511 431 503 422
257 258 338 249
585 593 513 504
430 511 502 422
575 494 503 495
423 503 414 495
329 328 337 248
431 512 511 503
348 339 347 267
247 256 328 248
257 329 248 249
376 296 368 287
357 277 268 276
419 339 411 330
410 419 411 330
188 260 180 269
333 422 414 342
341 333 261 342
431 432 512 423
501 502 493 421
502 493 413 494
413 412 493 421
431 350 351 342
493 502 413 421
423 431 351 342
257 346 337 338
113 185 104 105
494 583 575 503
575 583 584 503
511 583 502 503
583 592 584 503
592 583 511 503
592 512 584 503
592 511 512 503
494 502 583 503
504 503 423 495
430 502 421 422
431 430 350 422
421 502 413 422
584 575 503 495
503 414 422 423
421 430 422 341
98 178 97 89
207 206 126 198
438 366 447 358
339 331 330 250
341 422 333 342
98 107 179 99
429 420 348 340
260 252 251 171
34 115 26 35
341 260 332 340
40 121 32 41
258 266 257 338
422 430 350 341
97 178 169 89
169 178 170 89
265 266 346 257
346 337 265 257
265 337 256 257
409 337 418 329
367 368 448 359
332 252 251 260
180 252 261 260
259 187 179 178
251 332 260 340
179 187 188 107
123 114 122 42
193 185 113 194
205 196 197 277
195 196 187 115
267 266 275 186
427 347 419 338
347 266 275 267
268 196 187 276
260 188 180 179
421 429 430 349
330 329 338 249
346 427 418 338
250 258 259 178
258 250 169 178
268 348 357 276
283 202 203 194
332 421 413 341
106 178 187 186
413 421 422 341
116 107 115 35
185 177 96 105
268 348 340 349
413 422 333 341
259 250 178 170
25 97 16 17
294 214 295 286
276 284 285 204
276 275 284 195
348 437 357 356
196 276 204 195
420 412 331 340
276 348 357 356
204 196 195 115
283 274 202 194
269 358 277 349
420 339 348 340
49 130 121 41
130 50 122 41
167 175 95 86
279 368 288 287
367 439 447 358
296 288 368 287
440 431 439 359
350 431 351 359
431 440 351 359
279 270 351 359
278 270 279 359
270 350 351 359
270 278 350 359
360 351 440 359
368 360 440 359
375 367 366 286
284 203 212 204
132 43 52 124
359 367 278 358
359 350 439 358
196 204 124 115
133 125 214 205
277 358 357 349
260 269 268 349
277 358 278 286
358 367 278 286
358 366 367 286
206 207 287 198
277 357 268 349
348 268 357 349
124 196 115 116
125 53 45 44
116 108 27 36
115 196 187 107
214 125 206 205
348 429 340 349
285 366 357 277
197 196 188 277
275 203 195 194
266 185 194 186
197 188 269 277
350 430 358 349
277 268 269 349
197 269 278 277
295 214 206 286
366 285 294 286
260 268 340 349
340 429 421 349
275 283 203 194
269 188 260 268
367 295 287 286
196 187 188 268
284 285 365 276
206 214 205 286
287 206 278 286
287 295 206 286
267 268 187 276
105 177 97 186
188 196 268 277
268 269 188 277
196 205 285 277
35 116 107 27
358 278 269 277
197 278 206 286
206 205 197 286
197 205 277 286
278 197 277 286
367 287 278 286
277 205 285 286
421 341 340 349
341 421 430 349
341 430 350 349
358 269 350 349
283 275 274 194
357 285 277 276
285 196 277 276
193 274 185 194
42 34 114 33
205 196 285 204
97 106 105 186
193 113 202 194
105 194 185 186
114 194 105 186
203 284 275 195
204 284 203 195
204 276 284 195
195 194 114 186
195 267 275 186
195 275 194 186
357 365 276 356
275 276 284 356
365 284 276 356
365 364 284 356
275 284 364 356
276 267 348 356
275 267 276 356
275 347 267 356
347 348 267 356
275 364 355 356
357 437 365 356
95 23 103 104
331 251 250 259
329 410 330 338
330 410 419 338
340 251 331 259
257 337 329 338
167 176 256 248
347 427 346 338
258 339 347 338
248 176 256 257
248 256 337 257
340 331 339 259
250 330 258 249
348 268 340 259
348 267 268 259
337 329 248 257
250 339 331 259
267 339 347 258
267 347 266 258
268 179 260 259
179 251 260 259
268 260 340 259
330 339 250 258
177 176 185 96
339 419 347 338
267 348 339 259
340 339 348 259
268 267 187 259
258 267 339 259
258 339 250 259
176 185 257 177
266 258 257 177
250 258 169 249
248 167 176 168
248 257 249 168
257 248 176 168
103 23 112 104
95 184 176 104
112 23 32 104
95 167 86 87
175 94 95 86
96 177 97 105
169 258 178 177
168 249 169 177
249 258 169 177
168 257 249 177
249 257 258 177
269 261 180 189
178 97 169 177
176 257 168 177
105 97 16 25
23 104 15 24
89 17 9 8
96 168 176 87
7 96 16 15
124 133 125 44
104 95 23 15
96 95 104 15
168 176 177 96
205 133 125 124
122 114 113 33
42 114 122 33
87 96 168 88
89 97 17 8
88 97 89 8
104 113 105 24
105 113 114 33
25 105 114 33
24 105 25 33
41 50 122 42
125 205 124 116
114 34 123 115
114 203 195 123
88 16 97 8
17 97 16 8
6 95 86 87
7 6 87 15
87 6 95 15
95 96 87 15
6 14 95 15
122 41 42 33
195 187 267 186
107 26 115 35
122 113 121 41
213 133 205 124
132 52 133 124
113 32 121 41
108 188 180 189
194 203 195 114
197 205 125 116
43 124 115 35
106 97 105 25
122 50 131 42
113 194 105 114
50 131 130 122
24 32 113 33
108 188 107 99
114 105 106 186
130 202 121 122
202 113 121 122
194 113 202 122
194 202 203 122
114 194 203 122
114 113 194 122
203 114 122 123
122 131 203 123
204 203 212 123
203 131 212 123
204 212 132 123
131 132 212 123
116 197 188 108
132 133 213 124
213 205 204 124
132 213 204 124
132 204 123 124
204 205 196 124
123 43 132 124
125 133 53 44
125 197 116 117
124 125 116 44
107 115 196 116
278 197 206 198
106 114 34 25
287 207 279 198
196 205 197 116
178 106 187 98
124 205 196 116
107 179 187 98
25 106 97 17
178 187 179 98
26 106 25 17
107 196 188 116
53 133 52 44
197 125 206 117
44 116 35 36
26 115 106 107
278 287 279 198
206 287 278 198
117 197 116 108
188 179 107 99
198 197 117 189
178 250 169 170
179 259 178 170
17 9 98 89
108 107 116 27
35 107 26 27
27 35 116 36
116 117 108 36
106 26 107 98
108 117 197 189
107 187 106 98
45 125 44 36
116 125 117 36
17 26 106 98
17 106 97 98
259 179 251 170
27 107 26 18
259 251 250 170
89 9 98 90
198 270 278 189
198 278 197 189
270 269 278 189
269 197 278 189
177 96 97 88
179 171 170 90
177 97 169 88
97 17 98 89
9 18 17 98
17 18 26 98
18 107 26 98
180 171 179 99
98 18 107 99
177 168 96 88
99 98 18 90
16 97 96 88
96 7 16 88
179 178 98 170
169 168 177 88
99 171 179 90
96 87 7 88
98 179 170 90
98 170 89 90
